Producer and Consumer 0 always finish before 1, this due to them being started
sequentially even though they then run in parallel.
////////////////////////////////////////////////////////////////////////////////
./Execute.sh 
14
114
75
174
22
133
38
156
63
110
86
108
28
200
89
197
91
50
74
112
58
195
98
100
120
97
115
175
72
152
22
15
9
125
123
18
44
81
166
80
114
47
183
82
125
146
50
87
63
174
74
116
7
102
46
125
57
6
6
77
150
28
58
37
39
13
65
64
24
69
103
62
146
10
38
39
102
5
163
123
9
99
161
38
125
78
174
15
19
15
38
146
69
93
149
49
160
64
192
65
127
100
18
55
23
171
79
129
157
63
60
7
154
19
170
80
140
109
80
133
7
156
85
36
8
41
67
16
74
33
54
162
122
16
100
62
17
94
56
15
Producer 0 Done
5
20
50
18
21
98
84
74
8
78
145
196
116
136
149
103
131
115
142
146
162
199
127
161
113
149
105
159
167
180
114
108
121
167
173
109
144
189
149
175
194
102
172
190
146
124
150
116
140
103
150
157
191
Producer 1 Done
104
131
120
170
Consumer 0 Done
183
184
160
Consumer 1 Done
Buffer Done
